Position Weight Matrix (probabilities)
Position 0: A=0.977, C=0.017, G=0.004, T=0.002
Position 1: A=0.002, C=0.979, G=0.017, T=0.001
Position 2: A=0.003, C=0.002, G=0.989, T=0.006
Position 3: A=0.017, C=0.001, G=0.635, T=0.348
Position 4: A=0.975, C=0.001, G=0.022, T=0.003
Position 5: A=0.017, C=0.000, G=0.914, T=0.068
Position 6: A=0.011, C=0.001, G=0.984, T=0.004
Position 7: A=0.598, C=0.004, G=0.225, T=0.173
Position 8: A=0.041, C=0.138, G=0.109, T=0.713
Position 9: A=0.126, C=0.442, G=0.410, T=0.021
Position 10: A=0.008, C=0.979, G=0.011, T=0.001
Position 11: A=0.372, C=0.002, G=0.622, T=0.004
Position 12: A=0.965, C=0.002, G=0.033, T=0.000
Position 13: A=0.003, C=0.016, G=0.980, T=0.001
Position 14: A=0.000, C=0.979, G=0.018, T=0.003
Position 15: A=0.001, C=0.002, G=0.979, T=0.018
Position 16: A=0.001, C=0.002, G=0.002, T=0.995
Position 17: A=0.013, C=0.002, G=0.003, T=0.982
Position 18: A=0.803, C=0.002, G=0.177, T=0.018
Position 19: A=0.048, C=0.020, G=0.001, T=0.931
Position 20: A=0.000, C=0.948, G=0.002, T=0.050
Position 21: A=0.000, C=0.980, G=0.018, T=0.001
Position 22: A=0.003, C=0.002, G=0.995, T=0.001
Position 23: A=0.017, C=0.000, G=0.981, T=0.002
Position 24: A=0.979, C=0.002, G=0.005, T=0.014
Position 25: A=0.218, C=0.002, G=0.001, T=0.779
Position 26: A=0.002, C=0.002, G=0.000, T=0.996
Position 27: A=0.018, C=0.011, G=0.001, T=0.970
Position 28: A=0.977, C=0.007, G=0.002, T=0.014
Position 29: A=0.002, C=0.329, G=0.002, T=0.666
Position 30: A=0.000, C=0.002, G=0.019, T=0.979
Position 31: A=0.001, C=0.000, G=0.996, T=0.003
Position 32: A=0.001, C=0.000, G=0.997, T=0.002
Position 33: A=0.001, C=0.002, G=0.981, T=0.016
Position 34: A=0.001, C=0.107, G=0.009, T=0.883
Position 35: A=0.002, C=0.002, G=0.371, T=0.625
Position 36: A=0.019, C=0.001, G=0.001, T=0.978
Position 37: A=0.995, C=0.001, G=0.002, T=0.002
Position 38: A=0.994, C=0.001, G=0.004, T=0.000
Position 39: A=0.976, C=0.001, G=0.023, T=0.000
Position 40: A=0.003, C=0.001, G=0.996, T=0.000
Position 41: A=0.014, C=0.062, G=0.924, T=0.000
Position 42: A=0.016, C=0.002, G=0.979, T=0.003
Position 43: A=0.772, C=0.064, G=0.023, T=0.141
Position 44: A=0.031, C=0.018, G=0.938, T=0.014
Position 45: A=0.002, C=0.937, G=0.020, T=0.041
Position 46: A=0.002, C=0.010, G=0.978, T=0.010
Position 47: A=0.018, C=0.399, G=0.004, T=0.579
Position 48: A=0.976, C=0.002, G=0.021, T=0.001
Position 49: A=0.010, C=0.001, G=0.989, T=0.001
Position 50: A=0.360, C=0.019, G=0.616, T=0.005
Position 51: A=0.001, C=0.717, G=0.021, T=0.261
Position 52: A=0.002, C=0.008, G=0.985, T=0.006
Position 53: A=0.006, C=0.002, G=0.988, T=0.004
Position 54: A=0.256, C=0.106, G=0.441, T=0.197
Position 55: A=0.338, C=0.153, G=0.080, T=0.429
Position 56: A=0.206, C=0.094, G=0.376, T=0.324
Position 57: A=0.211, C=0.075, G=0.455, T=0.259
Position 58: A=0.161, C=0.012, G=0.209, T=0.617
Position 59: A=0.020, C=0.292, G=0.005, T=0.683
Position 60: A=0.983, C=0.002, G=0.014, T=0.002
Position 61: A=0.961, C=0.011, G=0.026, T=0.002
Position 62: A=0.003, C=0.001, G=0.977, T=0.018
Position 63: A=0.031, C=0.040, G=0.003, T=0.926
Position 64: A=0.013, C=0.814, G=0.021, T=0.152
Position 65: A=0.710, C=0.015, G=0.162, T=0.113
Position 66: A=0.024, C=0.001, G=0.961, T=0.014
Position 67: A=0.353, C=0.041, G=0.035, T=0.570
Position 68: A=0.164, C=0.014, G=0.102, T=0.721
Position 69: A=0.002, C=0.000, G=0.976, T=0.022
Position 70: A=0.002, C=0.003, G=0.020, T=0.975
Position 71: A=0.025, C=0.005, G=0.950, T=0.019
Position 72: A=0.986, C=0.002, G=0.009, T=0.003
Position 73: A=0.992, C=0.002, G=0.005, T=0.001
Position 74: A=0.973, C=0.003, G=0.018, T=0.006
Position 75: A=0.055, C=0.008, G=0.690, T=0.247
Position 76: A=0.014, C=0.305, G=0.070, T=0.611
Position 77: A=0.005, C=0.359, G=0.014, T=0.622
Position 78: A=0.176, C=0.194, G=0.031, T=0.600
Position 79: A=0.039, C=0.071, G=0.728, T=0.162
Position 80: A=0.023, C=0.545, G=0.377, T=0.054
Position 81: A=0.013, C=0.012, G=0.963, T=0.012
Position 82: A=0.001, C=0.019, G=0.977, T=0.002
Position 83: A=0.001, C=0.978, G=0.002, T=0.020
Position 84: A=0.002, C=0.026, G=0.000, T=0.972
Position 85: A=0.025, C=0.912, G=0.000, T=0.063
Position 86: A=0.993, C=0.005, G=0.002, T=0.000
Position 87: A=0.975, C=0.021, G=0.003, T=0.000
Position 88: A=0.003, C=0.993, G=0.002, T=0.002
Position 89: A=0.013, C=0.935, G=0.020, T=0.032
Position 90: A=0.050, C=0.292, G=0.557, T=0.101
Position 91: A=0.155, C=0.141, G=0.085, T=0.618
Position 92: A=0.600, C=0.015, G=0.208, T=0.178
Position 93: A=0.608, C=0.005, G=0.367, T=0.020
Position 94: A=0.825, C=0.012, G=0.093, T=0.070
Position 95: A=0.875, C=0.065, G=0.020, T=0.039
Position 96: A=0.018, C=0.305, G=0.033, T=0.645
Position 97: A=0.002, C=0.005, G=0.063, T=0.931
Position 98: A=0.002, C=0.054, G=0.938, T=0.006
Position 99: A=0.020, C=0.953, G=0.013, T=0.014
Position 100: A=0.710, C=0.082, G=0.025, T=0.183
Position 101: A=0.040, C=0.018, G=0.552, T=0.390
Position 102: A=0.004, C=0.067, G=0.030, T=0.899
Position 103: A=0.012, C=0.129, G=0.157, T=0.703
Position 104: A=0.191, C=0.015, G=0.791, T=0.003
Position 105: A=0.921, C=0.002, G=0.030, T=0.047
Position 106: A=0.394, C=0.003, G=0.032, T=0.571
Position 107: A=0.935, C=0.058, G=0.003, T=0.004
Position 108: A=0.003, C=0.943, G=0.003, T=0.052
Position 109: A=0.001, C=0.004, G=0.065, T=0.929
Position 110: A=0.009, C=0.011, G=0.955, T=0.024
Position 111: A=0.013, C=0.085, G=0.602, T=0.300
Position 112: A=0.233, C=0.309, G=0.118, T=0.340
Position 113: A=0.146, C=0.027, G=0.283, T=0.543
Position 114: A=0.252, C=0.037, G=0.371, T=0.339
Position 115: A=0.117, C=0.296, G=0.144, T=0.443
Position 116: A=0.002, C=0.942, G=0.002, T=0.055
Position 117: A=0.005, C=0.006, G=0.009, T=0.980
Position 118: A=0.134, C=0.006, G=0.081, T=0.779
Position 119: A=0.054, C=0.000, G=0.942, T=0.003
Position 120: A=0.931, C=0.001, G=0.065, T=0.003
Position 121: A=0.009, C=0.000, G=0.940, T=0.051
Position 122: A=0.050, C=0.004, G=0.037, T=0.909
Position 123: A=0.309, C=0.057, G=0.599, T=0.035
Position 124: A=0.058, C=0.673, G=0.128, T=0.142
Position 125: A=0.654, C=0.099, G=0.101, T=0.146
Position 126: A=0.124, C=0.029, G=0.776, T=0.070
Position 127: A=0.062, C=0.265, G=0.149, T=0.524
Position 128: A=0.548, C=0.009, G=0.064, T=0.380
Position 129: A=0.051, C=0.001, G=0.941, T=0.007
Position 130: A=0.833, C=0.026, G=0.140, T=0.001
Position 131: A=0.009, C=0.007, G=0.975, T=0.009
Position 132: A=0.030, C=0.010, G=0.945, T=0.015
Position 133: A=0.067, C=0.403, G=0.065, T=0.465
Position 134: A=0.844, C=0.003, G=0.148, T=0.005
Position 135: A=0.139, C=0.006, G=0.854, T=0.002
Position 136: A=0.017, C=0.034, G=0.917, T=0.032
Position 137: A=0.001, C=0.827, G=0.059, T=0.112
Position 138: A=0.019, C=0.002, G=0.977, T=0.002
Position 139: A=0.056, C=0.000, G=0.944, T=0.001
Position 140: A=0.990, C=0.001, G=0.006, T=0.003
Position 141: A=0.939, C=0.003, G=0.003, T=0.055
Position 142: A=0.007, C=0.014, G=0.002, T=0.976
Position 143: A=0.008, C=0.051, G=0.064, T=0.877
Position 144: A=0.002, C=0.947, G=0.017, T=0.034
Position 145: A=0.045, C=0.348, G=0.571, T=0.036
Position 146: A=0.072, C=0.149, G=0.030, T=0.749
Position 147: A=0.165, C=0.017, G=0.799, T=0.019
Position 148: A=0.006, C=0.000, G=0.944, T=0.050
Position 149: A=0.001, C=0.003, G=0.060, T=0.936
Position 150: A=0.003, C=0.000, G=0.940, T=0.057
Position 151: A=0.054, C=0.002, G=0.006, T=0.938
Position 152: A=0.936, C=0.003, G=0.057, T=0.004
Position 153: A=0.013, C=0.050, G=0.933, T=0.004
Position 154: A=0.001, C=0.936, G=0.061, T=0.002
Position 155: A=0.032, C=0.003, G=0.962, T=0.003
Position 156: A=0.001, C=0.000, G=0.947, T=0.052
Position 157: A=0.003, C=0.003, G=0.060, T=0.934
Position 158: A=0.055, C=0.000, G=0.942, T=0.004
Position 159: A=0.853, C=0.002, G=0.144, T=0.001
Position 160: A=0.990, C=0.003, G=0.004, T=0.003
Position 161: A=0.939, C=0.001, G=0.006, T=0.054
Position 162: A=0.008, C=0.004, G=0.052, T=0.937
Position 163: A=0.001, C=0.055, G=0.939, T=0.005
Position 164: A=0.006, C=0.930, G=0.041, T=0.023
Position 165: A=0.041, C=0.007, G=0.343, T=0.609
Position 166: A=0.055, C=0.007, G=0.005, T=0.932
Position 167: A=0.937, C=0.002, G=0.057, T=0.003
Position 168: A=0.058, C=0.000, G=0.939, T=0.002
Position 169: A=0.937, C=0.002, G=0.010, T=0.051
Position 170: A=0.058, C=0.002, G=0.060, T=0.881
Position 171: A=0.938, C=0.002, G=0.002, T=0.058
Position 172: A=0.018, C=0.020, G=0.002, T=0.961
Position 173: A=0.051, C=0.743, G=0.028, T=0.177
Position 174: A=0.735, C=0.031, G=0.185, T=0.049
Position 175: A=0.009, C=0.567, G=0.384, T=0.040
Position 176: A=0.078, C=0.003, G=0.914, T=0.005
Position 177: A=0.892, C=0.065, G=0.039, T=0.004
Position 178: A=0.660, C=0.001, G=0.338, T=0.001
Position 179: A=0.058, C=0.001, G=0.940, T=0.000
Position 180: A=0.988, C=0.005, G=0.007, T=0.001
Position 181: A=0.939, C=0.048, G=0.004, T=0.009
Position 182: A=0.043, C=0.924, G=0.000, T=0.033
Position 183: A=0.362, C=0.230, G=0.001, T=0.407
Position 184: A=0.004, C=0.988, G=0.002, T=0.007
Position 185: A=0.023, C=0.942, G=0.033, T=0.002
Position 186: A=0.317, C=0.005, G=0.674, T=0.003
Position 187: A=0.645, C=0.001, G=0.299, T=0.055
Position 188: A=0.013, C=0.003, G=0.036, T=0.948
Position 189: A=0.001, C=0.004, G=0.393, T=0.603
Position 190: A=0.001, C=0.055, G=0.942, T=0.002
Position 191: A=0.003, C=0.937, G=0.059, T=0.001
Position 192: A=0.058, C=0.004, G=0.939, T=0.000
Position 193: A=0.983, C=0.006, G=0.009, T=0.002
Position 194: A=0.946, C=0.002, G=0.051, T=0.000
Position 195: A=0.025, C=0.003, G=0.972, T=0.001
Position 196: A=0.002, C=0.055, G=0.943, T=0.000
Position 197: A=0.020, C=0.938, G=0.041, T=0.001
Position 198: A=0.652, C=0.013, G=0.335, T=0.001
Position 199: A=0.016, C=0.055, G=0.925, T=0.003
Position 200: A=0.010, C=0.916, G=0.014, T=0.061
Position 201: A=0.002, C=0.388, G=0.008, T=0.602
Position 202: A=0.020, C=0.126, G=0.012, T=0.843
Position 203: A=0.461, C=0.105, G=0.404, T=0.031
Position 204: A=0.003, C=0.942, G=0.003, T=0.052
Position 205: A=0.021, C=0.047, G=0.053, T=0.879
Position 206: A=0.401, C=0.001, G=0.594, T=0.004
Position 207: A=0.410, C=0.014, G=0.567, T=0.009
Position 208: A=0.557, C=0.090, G=0.343, T=0.010
Position 209: A=0.040, C=0.781, G=0.030, T=0.148
Position 210: A=0.150, C=0.064, G=0.135, T=0.650
Position 211: A=0.143, C=0.133, G=0.663, T=0.062
Position 212: A=0.073, C=0.330, G=0.019, T=0.578
Position 213: A=0.861, C=0.016, G=0.075, T=0.048
Position 214: A=0.906, C=0.058, G=0.003, T=0.033
Position 215: A=0.007, C=0.934, G=0.003, T=0.056
Position 216: A=0.003, C=0.010, G=0.057, T=0.930
Position 217: A=0.056, C=0.003, G=0.937, T=0.004
Position 218: A=0.931, C=0.060, G=0.008, T=0.001
Position 219: A=0.014, C=0.938, G=0.046, T=0.002
Position 220: A=0.257, C=0.050, G=0.681, T=0.012
Position 221: A=0.002, C=0.555, G=0.011, T=0.432
